12
6

-1 -1
1 -1
3 -1
3 3
1 3
-1 3
0.5 0.5
1 1
1.5 0.5
1.5 1.75
1 2
0.5 1.75

4
6 7 1 0
0 0 0.5 0
1 1 1.4 1 
0 0 0 0 1 1
0 0 0 0 1 1
0 0 0 0 1 1
0 0 0 0 1 1
1 1 0 0 1 1
0 0 0 0 1 1

4
7 8 2 1
0 0 0 0
1 1 1 1 
0 0 0 0 1 1
0 0 0 0 1 1
0 0 0 0 1 1
0 0 0 0 1 1
1 1 0 0 1 1
0 0 0 0 1 1

4
8 9 3 2
0.3 0.3 0.3 0.3
1.2 1.2 1.2 1.2 
0 0 0 0 1 1
0 0 0 0 1 1
0 0 0 0 1 1
0 0 0 0 1 1
1 1 0 0 1 1
0 0 0 0 1 1

4
9 10 4 3
0.2 0.2 0.2 0.2
1.0 1.0 1.0 1.0 
0 0 0 0 1 1
0 0 0 0 1 1
0 0 0 0 1 1
0 0 0 0 1 1
1 1 0 0 1 1
0 0 0 0 1 1

4
10 11 5 4
0.1 0.1 0.1 0.1
1.0 1.0 1.0 1.0
0 0 0 0 1 1
0 0 0 0 1 1
0 0 0 0 1 1
0 0 0 0 1 1
1 1 0 0 1 1
0 0 0 0 1 1

4
5 11 6 0
0 0 0 0
1 1 1 1
0 0 0 0 1 1
0 0 0 0 1 1
0 0 0 0 1 1
0 0 0 0 1 1
1 1 0 0 1 1
0 0 0 0 1 1